image: ./map_3.pgm
resolution: 0.015000
origin: [-10.005000, -10.005000, 0.000000]
negate: 0
occupied_thresh: 0.65
free_thresh: 0.196

